1553564
1553564
1553564
1553564
1553563
1553562
1553561
1553560
1553559
1553558
1553557
1553556
1553555
1553554
1553553
1553552
1553551
1553551
1553550
1553549
1553548
1553547
1553546
1553545
1553544
1553543
1553542
1553541
1553540
1553539
1553538
1553538
1553537
1553536
1553536
1553535
1553534
1553533
1553533
1553532
1553531
1553530
1553529
1553528
1553527
1553526
1553525
1553524
1553523
1553523
1553522
1553522
1553521
1553520
1553520
1553519
1553519
1553518
1553517
1553517
1553516
1553515
1553514
1553513
1553512
1553511
1553510
1553509
1553508
1553507
1553506
1553505
1553504
1553504
1553503
1553502
1553501
1553500
1553499
1553498
1553497
1553496
1553495
1553494
1553493
1553492
1553491
1553490
1553489
1553488
1553487
1553486
1553485
1553484
1553483
1553482
1553481
1553480
1553479
1553478
1553477
1553476
1553475
1553474
1553473
1553472
1553471
1553470
1553469
1553468