12813101281310
1281311
1281312
1281313
1281314
1281315
1281316
1281317
1281318
1281319
1281319
1281321
1281322
1281323
1281324
1281325
1281326
1281327
1281328
1281329
1281330
1281331
1281332
1281333
1281334
1281335
1281336
1281337
1281338
1281340
1281341
1281342
1281344
1281345
1281348
1281349
1281350
1281351
1281352
1281353
1281354
1281357
1281360
1281365
1281369
1281371
1281372
1281373
1281375
1281376
1281377
1281378
1281379
1281380
1281381
1281382
1281383
1281384
1281385
1281386
1281387
1281388
1281389
1281390
1281391
1281392
1281393
1281394
1281395
1281396
1281397
1281398
1281399
1281400
1281401
1281402
1281403
1281404
1281405
1281406
1281407
1281408
1281409
1281410
1281411
1281412
1281413
1281414
1281415
1281416
1281417
1281418
1281419
1281420
1281421
1281422
1281423
1281424
1281425
1281426
1281427
1281428
1281429
1281430
1281431
1281432
1281433
1281434
1281435
1281436
1281437
1281438
1281439
1281440
1281441
1281442
1281443
1281444
1281445
1281446
1281447
1281448
1281449
1281450
1281451
1281452
1281453
1281454
1281455
1281456
1281457
1281458
1281459
1281460
1281461
1281462
1281463
1281464
1281465
1281466
1281467
1281468
1281469
1281470
1281471
1281472
1281473
1281474
1281475
1281476
1281477
1281478
1281479
1281480
1281481
1281482
1281483
1281484
1281485
1281486
1281487
1281488
1281489
1281490
1281491
1281493
1281494
1281495
1281496
1281497
1281498
1281499
1281500
1281501
1281502
1281503
1281504
1281505
1281506
1281507
1281508
1281509
1281510
1281511
1281512
1281513
1281514
1281515
1281516
1281517
1281518
1281519
1281520
1281521
1281522
1281523
1281524
1281525
1281526
1281527
1281528
1281529
1281530
1281531
1281532
1281533
1281534
1281535
1281536
1281537
1281538
1281539
1281540
1281541
1281542
1281543
1281544
1281545
1281546
1281547
1281548
1281549
1281550
1281551
1281552
1281553
1281554
1281556
1281557
1281559
1281560
1281561
1281563
1281564
1281566
1281567
1281568
1281569
1281570
1281571
1281572
1281574
1281576
1281577
1281578
1281580
1281581
1281582
1281583
1281584
1281585
1281586
1281587
1281588
1281589
1281590
1281591
1281592
1281593
1281594
1281595
1281596
1281597
1281598
1281599
1281600
1281601
1281602
1281603
1281604
1281605
1281606
1281607
1281608
1281609
1281610
1281611
1281612
1281613
1281614
1281615
1281616
1281617
1281618
1281619
1281620
1281621
1281622
1281623
1281624
1281625
1281626
1281627
1281628
1281629
1281630
1281631
1281632
1281633
1281634
1281635
1281636
1281637
1281638
1281639
1281640
1281641
1281642
1281643
1281644
1281645
1281646
1281647
1281648
1281649
1281650
1281651
1281652
1281653
1281654
1281655
1281656
1281657
1281658
1281659
1281660
1281661
1281662
1281663
1281664
1281665
1281666
1281667
1281668
1281669
1281670
1281671
1281672
1281673
1281674
1281675
1281676
1281677
1281678
1281679
1281680
1281681
1281682
1281683
1281684
1281685
1281686
1281687
1281688
1281689
1281690
1281691
1281692
1281693
1281694
1281695
1281696
1281697
1281698
1281699
1281700
1281701
1281702
1281703
1281704
1281705
1281706
1281707
1281708
1281709
1281710
1281711
1281712
1281713
1281714
1281715
1281716
1281717
1281718
1281719
1281720
1281721
1281722
1281723
1281724
1281725
1281726
1281727
1281728
1281729
1281730
1281731
1281732
1281733
1281734
1281735
1281736
1281737
1281738
1281739
1281740
1281741
1281742
1281743
1281744
1281745
1281746
1281747
1281748
1281749
1281750
1281751
1281752
1281753
1281754
1281755
1281756
1281757
1281758
1281759
1281760
1281761
1281762
1281763
1281764
1281765
1281766
1281767
1281768
1281769
1281770
1281771
1281772
1281773
1281774
1281775
1281776
1281777
1281778
1281779
1281780
1281781
1281782
1281783
1281786
1281787
1281788
1281789
1281790
1281792
1281793
1281794
1281795
1281796
1281798
1281799
1281800
1281802
1281804
1281805
1281806
1281807
1281808
1281809
1281811
1281812
1281813
1281814
1281815
1281816
1281817
1281818
1281819
1281820
1281821
1281822
1281823
1281824
1281825
1281826
1281827
1281828
1281829
1281830
1281831
1281832
1281833
1281834
1281835
1281836
1281837
1281838
1281839
1281840
1281841
1281842
1281843
1281844
1281845
1281846
1281847
1281848
1281849
1281850
1281851
1281852
1281853
1281854
1281855
1281856
1281857
1281858
1281859
1281860
1281862
1281863
1281864
1281865
1281866
1281867
1281868
1281869
1281870
1281871
1281872
1281873
1281874
1281875
1281876
1281877
1281878
1281879
1281880
1281881
1281882
1281883
1281884
1281885
1281886
1281887
1281888
1281889
1281890
1281891
1281892
1281893
1281894
1281895
1281896
1281897
1281898
1281899
1281900
1281901
1281902
1281903
1281904
1281906
1281907
1281908
1281909
1281910
1281911
1281912
1281913
1281914
1281915
1281916
1281917
1281918
1281919
1281920
1281921
1281922
1281923
1281924
1281925
1281926
1281927
1281928
1281929
1281930
1281931
1281932
1281933
1281934
1281935
1281936
1281937
1281938
1281939
1281940
1281941
1281942
1281943
1281944
1281945
1281946
1281947
1281948
1281949
1281950
1281951
1281952
1281953
1281954
1281955
1281956
1281957
1281958
1281959
1281960
1281961
1281962
1281963
1281964
1281965
1281966
1281967
1281968
1281969
1281970
1281971
1281972
1281973
1281974
1281975
1281976
1281977
1281978
1281979
1281980
1281981
1281982
1281983
1281984
1281985
1281986
1281987
1281988
1281989
1281990
1281991
1281992
1281993
1281994
1281995
1281996
1281997
1281998
1281999
1282000
1282001
1282002
1282003
1282005
1282006
1282010
1282011
1282013
1282014
1282015
1282016
1282017
1282018
1282019
1282020
1282022
1282023
1282025
1282026
1282027
1282028
1282029
1282030
1282031
1282032
1282033
1282034
1282035
1282036
1282037
1282038
1282039
1282040
1282041
1282042
1282043
1282044
1282045
1282046
1282047
1282048
1282049
1282050
1282051
1282052
1282053
1282054
1282055
1282056
1282057
1282058
1282059
1282060
1282061
1282062
1282063
1282064
1282065
1282066
1282067
1282068
1282069
1282071
1282072
1282073
1282074
1282075
1282076
1282077
1282078
1282079
1282080
1282081
1282082
1282083
1282084
1282085
1282086
1282087
1282088
1282089
1282090
1282091
1282092
1282093
1282094
1282095
1282096
1282097
1282098
1282099
1282100
1282101
1282102
1282103
1282104
1282105
1282106
1282107
1282108
1282109
1282110
1282111
1282112
1282113
1282114
1282115
1282116
1282117
1282118
1282119
1282120
1282121
1282122
1282123
1282124
1282125
1282126
1282127
1282128
1282129
1282130
1282131
1282132
1282133
1282134
1282135
1282136
1282137
1282138
1282139
1282140
1282141
1282142
1282143
1282144
1282145
1282146
1282147
1282148
1282149
1282150
1282151
1282152
1282153
1282154
1282155
1282156
1282157
1282158
1282159
1282160
1282161
1282162
1282163
1282164
1282165
1282166
1282167
1282168
1282169
1282170
1282171
1282172
1282173
1282174
1282175
1282176
1282177
1282178
1282179
1282180
1282181
1282182
1282183
1282184
1282185
1282186
1282187
1282192
1282193
1282194
1282195
1282196
1282197
1282199
1282200
1282201
1282202
1282203
1282204
1282205
1282207
1282208
1282210
1282211
1282213
1282214
1282215
1282216
1282218
1282219
1282221
1282222
1282224
1282225
1282226
1282227
1282228
1282229
1282230
1282231
1282232
1282234
1282235
1282236
1282237
1282238
1282239
1282240
1282241
1282242
1282243
1282244
1282245
1282246
1282247
1282248
1282249
1282250
1282251
1282252
1282253
1282254
1282255
1282256
1282257
1282258
1282259
1282260
1282261
1282262
1282263
1282264
1282265
1282266
1282267
1282268
1282269
1282270
1282271
1282272
1282273
1282274
1282275
1282276
1282277
1282278
1282279
1282280
1282281
1282282
1282283
1282284
1282285
1282286
1282287
1282288
1282289
1282290
1282291
1282292
1282293
1282294
1282295
1282296
1282297
1282298
1282300
1282301
1282302
1282303
1282304
1282305
1282306
1282307
1282308
1282309
1282310
1282311
1282312
1282313
1282314
1282315
1282316
1282317
1282318
1282319
1282320
1282321
1282322
1282323
1282325
1282326
1282327
1282328
1282329
1282330
1282331
1282332
1282333
1282334
1282335
1282336
1282337
1282338
1282339
1282340
1282341
1282342
1282343
1282344
1282345
1282346
1282347
1282348
1282349
1282350
1282351
1282352
1282353
1282354
1282355
1282356
1282357
1282358
1282359
1282360
1282361
1282362
1282363
1282364
1282365
1282366
1282367
1282368
1282369
1282370
1282371
1282372
1282373
1282374
1282375
1282376
1282377
1282378
1282379
1282380
1282381
1282382
1282383
1282384
1282385
1282386
1282387
1282388
1282389
1282390
1282391
1282392
1282393
1282394
1282395
1282396
1282397
1282398
1282399
1282400
1282401
1282402
1282403
1282404
1282405
1282406
1282407
1282408
1282409
1282410
1282411
1282412
1282414
1282415
1282416
1282421
1282423
1282425
1282426
1282428
1282429
1282432
1282433
1282435
1282436
1282437
1282438
1282439
1282440
1282441
1282442
1282444
1282445
1282446
1282447
1282448
1282449
1282450
1282451
1282452
1282453
1282454
1282455
1282456
1282457
1282458
1282459
1282460
1282461
1282462
1282463
1282464
1282465
1282466
1282467
1282468
1282469
1282470
1282471
1282472
1282473
1282474
1282475
1282476
1282477
1282478
1282479
1282480
1282481
1282482
1282483
1282484
1282485
1282486
1282487
1282488
1282489
1282490
1282491
1282492
1282493
1282494
1282495
1282496
1282497
1282498
1282499
1282500
1282501
1282502
1282503
1282504
1282505
1282506
1282507
1282508
1282509
1282510
1282511
1282512
1282513
1282514
1282515
1282516
1282517
1282518
1282519
1282520
1282521
1282522
1282523
1282524
1282525
1282526
1282527
1282528
1282529
1282530
1282531
1282532
1282533
1282534
1282535
1282536
1282537
1282538
1282539
1282540
1282541
1282542
1282543
1282544
1282545
1282546
1282547
1282548
1282549
1282550
1282551
1282552
1282553
1282554
1282555
1282556
1282557
1282558
1282559
1282560
1282561
1282562
1282563
1282564
1282565
1282566
1282567
1282568
1282569
1282570
1282571
1282572
1282573
1282574
1282575
1282576
1282577
1282578
1282579
1282580
1282581
1282582
1282583
1282584
1282585
1282586
1282587
1282588
1282589
1282590
1282591
1282592
1282593
1282594
1282595
1282596
1282597
1282598
1282599
1282600
1282601
1282602
1282603
1282604
1282605
1282606
1282607
1282608
1282609
1282610
1282611
1282612
1282613
1282614
1282615
1282616
1282617
1282618
1282619
1282620
1282621
1282622
1282623
1282624
1282625
1282626
1282627
1282628
1282629
1282630
1282632
1282634
1282635
1282637
1282638
1282642
1282644
1282645
1282647
1282648
1282649
1282650
1282651
1282652
1282653
1282655
1282656
1282658
1282659
1282660
1282661
1282662
1282663
1282664
1282665
1282666
1282667
1282668
1282669
1282670
1282671
1282672
1282673
1282674
1282675
1282676
1282677
1282678
1282679
1282680
1282681
1282682
1282683
1282684
1282685
1282686
1282687
1282688
1282689
1282690
1282691
1282692
1282693
1282694
1282695
1282696
1282697
1282698
1282699
1282700
1282701
1282702
1282703
1282704
1282705
1282706
1282707
1282708
1282709
1282710
1282711
1282712
1282713
1282714
1282715
1282716
1282717
1282718
1282720
1282721
1282722
1282723
1282724
1282725
1282726
1282727
1282728
1282729
1282730
1282731
1282732
1282733
1282734
1282735
1282736
1282737
1282738
1282739
1282740
1282741
1282742
1282744
1282745
1282746
1282747
1282748
1282749
1282750
1282751
1282752
1282753
1282754
1282755
1282756
1282757
1282758
1282759
1282760
1282761
1282762
1282763
1282764
1282765
1282766
1282767
1282768
1282769
1282770
1282771
1282772
1282773
1282774
1282775
1282776
1282777
1282778
1282779
1282780
1282781
1282782
1282783
1282784
1282785
1282786
1282787
1282788
1282789
1282790
1282791
1282792
1282793
1282794
1282795
1282796
1282797
1282798
1282799
1282800
1282801
1282802
1282803
1282804
1282805
1282806
1282807
1282808
1282809
1282810
1282811
1282812
1282813
1282814
1282816
1282817
1282818
1282819
1282820
1282821
1282822
1282823
1282824
1282825
1282826
1282827
1282828
1282829
1282830
1282831
1282832
1282833
1282834
1282835
1282836
1282837
1282838
1282839
1282840
1282841
1282842
1282843
1282844
1282845
1282846
1282847
1282848
1282849
1282850
1282851
1282852
1282853
1282854
1282855
1282856
1282857
1282860
1282861
1282863
1282864
1282867
1282868
1282869
1282871
1282872
1282873
1282876
1282878
1282879
1282880
1282881
1282882
1282883
1282884
1282885
1282886
1282887
1282888
1282889
1282890
1282891
1282892
1282893
1282894
1282895
1282896
1282897
1282898
1282899
1282900
1282901
1282902
1282903
1282904
1282905
1282906
1282907
1282908
1282909
1282910
1282911
1282912
1282913
1282914
1282915
1282916
1282917
1282918
1282919
1282920
1282921
1282922
1282923
1282924
1282925
1282926
1282927
1282928
1282929
1282930
1282931
1282932
1282933
1282934
1282935
1282936
1282937
1282938
1282939
1282940
1282941
1282942
1282943
1282944
1282945
1282946
1282947
1282948
1282949
1282950
1282951
1282952
1282953
1282954
1282955
1282956
1282957
1282958
1282959
1282960
1282961
1282962
1282963
1282964
1282965
1282966
1282967
1282968
1282969
1282970
1282971
1282972
1282973
1282974
1282975
1282976
1282977
1282978
1282979
1282980
1282981
1282982
1282983
1282984
1282985
1282986
1282987
1282988
1282989
1282990
1282991
1282992
1282993
1282994
1282995
1282996
1282997
1282998
1282999
1283000
1283001
1283002
1283003
1283004
1283006
1283007
1283008
1283009
1283010
1283011
1283012
1283013
1283014
1283015
1283016
1283017
1283018
1283019
1283020
1283021
1283022
1283023
1283024
1283025
1283026
1283027
1283028
1283029
1283030
1283031
1283032
1283033
1283034
1283035
1283036
1283037
1283038
1283039
1283040
1283041
1283042
1283043
1283044
1283046
1283048
1283050
1283053
1283054
1283055
1283056
1283058
1283059
1283060
1283061
1283062
1283066
1283068
1283069
1283070
1283071
1283072
1283074
1283075
1283076
1283077
1283078
1283079
1283080
1283081
1283082
1283083
1283084
1283085
1283086
1283087
1283088
1283089
1283090
1283091
1283092
1283093
1283094
1283095
1283096
1283097
1283098
1283099
1283100
1283101
1283102
1283103
1283104
1283105
1283106
1283107
1283108
1283109
1283110
1283111
1283112
1283113
1283114
1283115
1283116
1283117
1283118
1283119
1283120
1283121
1283122
1283123
1283124
1283125
1283126
1283127
1283128
1283129
1283130
1283131
1283132
1283133
1283134
1283135
1283136
1283137
1283138
1283139
1283140
1283141
1283142
1283143
1283144
1283145
1283146
1283147
1283148
1283149
1283150
1283151
1283152
1283153
1283154
1283155
1283156
1283157
1283158
1283159
1283160
1283161
1283162
1283163
1283164
1283165
1283166
1283167
1283168
1283169
1283170
1283171
1283172
1283173
1283174
1283175
1283176
1283177
1283178
1283179
1283180
1283181
1283182
1283183
1283184
1283185
1283186
1283187
1283188
1283189
1283190
1283191
1283192
1283193
1283194
1283195
1283196
1283197
1283198
1283199
1283200
1283201
1283202
1283203
1283204
1283205
1283206
1283207
1283208
1283209
1283210
1283211
1283212
1283213
1283214
1283215
1283216
1283217
1283218
1283219
1283220
1283221
1283222
1283223
1283224
1283225
1283226
1283227
1283228
1283229
1283230
1283231
1283232
1283233
1283234
1283235
1283236
1283237
1283238
1283239
1283240
1283241
1283242
1283243
1283244
1283245
1283246
1283247
1283248
1283249
1283250
1283251
1283252
1283253
1283254
1283255
1283256
1283257
1283258
1283259
1283260
1283261
1283262
1283263
1283264
1283265
1283266
1283267
1283268
1283269
1283270
1283271
1283272
1283273
1283275
1283276
1283277
1283278
1283279
1283280
1283282
1283283
1283284
1283286
1283287
1283289
1283292
1283293
1283294
1283296
1283298
1283300
1283301
1283302
1283303
1283304
1283305
1283306
1283307
1283308
1283309
1283310
1283311
1283312
1283313
1283314
1283315
1283316
1283317
1283318
1283319
1283320
1283321
1283322
1283323
1283324
1283325
1283326
1283327
1283328
1283329
1283330
1283331
1283332
1283333
1283334
1283335
1283336
1283337
1283338
1283339
1283340
1283341
1283342
1283343
1283344
1283345
1283346
1283347
1283348
1283349
1283350
1283351
1283352
1283353
1283354
1283355
1283356
1283357
1283359
1283360
1283361
1283362
1283363
1283364
1283365
1283366
1283367
1283368
1283369
1283370
1283371
1283372
1283373
1283374
1283375
1283376
1283377
1283378
1283379
1283380
1283381
1283382
1283384
1283385
1283386
1283387
1283388
1283389
1283390
1283391
1283392
1283393
1283394
1283395
1283396
1283397
1283398
1283399
1283400
1283401
1283402
1283403
1283404
1283405
1283406
1283407
1283408
1283409
1283410
1283411
1283412
1283413
1283414
1283415
1283416
1283417
1283418
1283419
1283420
1283421
1283422
1283423
1283424
1283425
1283426
1283427
1283428
1283429
1283430
1283431
1283432
1283433
1283434
1283435
1283436
1283437
1283438
1283439
1283440
1283441
1283442
1283443
1283444
1283445
1283446
1283447
1283448
1283449
1283450
1283451
1283452
1283453
1283454
1283455
1283456
1283457
1283458
1283459
1283460
1283461
1283462
1283463
1283464
1283465
1283466
1283467
1283468
1283469
1283470
1283471
1283472
1283473
1283474
1283475
1283476
1283477
1283478
1283479
1283480
1283481
1283482
1283483
1283484
1283485
1283486
1283487
1283488
1283490
1283491
1283492
1283493
1283494
1283495
1283496
1283498
1283499
1283501
1283503
1283504
1283505
1283506
1283508
1283510
1283511
1283513
1283514
1283515
1283516
1283517
1283518
1283519
1283520
1283521
1283522
1283523
1283524
1283525
1283526
1283527
1283528
1283529
1283530
1283531
1283532
1283533
1283534
1283535
1283536
1283537
1283538
1283539
1283540
1283541
1283542
1283543
1283544
1283545
1283546
1283547
1283548
1283549
1283550
1283551
1283552
1283553
1283554
1283555
1283556
1283557
1283558
1283559
1283560
1283561
1283562
1283563
1283564
1283565
1283566
1283567
1283568
1283569
1283570
1283571
1283572
1283573
1283574
1283575
1283576
1283577
1283578
1283579
1283580
1283581
1283582
1283583
1283584
1283585
1283586
1283587
1283588
1283589
1283590
1283591
1283592
1283593
1283594
1283595
1283596
1283597
1283598
1283599
1283600
1283601
1283602
1283603
1283604
1283605
1283606
1283607
1283608
1283609
1283610
1283611
1283612
1283613
1283614
1283615
1283616
1283617
1283618
1283619
1283620
1283621
1283622
1283623
1283624
1283625
1283626
1283627
1283628
1283629
1283630
1283631
1283632
1283633
1283634
1283635
1283636
1283637
1283638
1283639
1283640
1283641
1283642
1283643
1283644
1283645
1283646
1283647
1283648
1283649
1283650
1283651
1283652
1283653
1283654
1283655
1283656
1283657
1283659
1283660
1283661
1283662
1283663
1283665
1283666
1283667
1283668
1283669
1283670
1283672
1283673
1283674
1283678
1283679
1283681
1283683
1283684
1283685
1283687
1283689
1283690
1283691
1283692
1283694
1283695
1283696
1283697
1283698
1283699
1283700
1283701
1283702
1283703
1283704
1283705
1283706
1283707
1283708
1283709
1283710
1283711
1283712
1283713
1283714
1283715
1283716
1283717
1283718
1283719
1283720
1283721
1283722
1283723
1283724
1283725
1283726
1283727
1283728
1283729
1283730
1283731
1283732
1283733
1283734
1283735
1283736
1283737
1283738
1283739
1283740
1283741
1283742
1283743
1283744
1283745
1283746
1283747
1283748
1283749
1283750
1283751
1283752
1283753
1283754
1283755
1283756
1283757
1283758
1283759
1283760
1283761
1283762
1283763
1283764
1283765
1283766
1283767
1283768
1283769
1283770
1283771
1283772
1283773
1283774
1283775
1283776
1283777
1283778
1283779
1283780
1283781
1283782
1283783
1283784
1283785
1283786
1283787
1283788
1283789
1283790
1283791
1283792
1283793
1283794
1283795
1283796
1283797
1283798
1283799
1283800
1283801
1283802
1283803
1283804
1283805
1283806
1283807
1283808
1283809
1283810
1283811
1283812
1283813
1283814
1283815
1283816
1283817
1283818
1283819
1283820
1283821
1283822
1283823
1283824
1283825
1283826
1283827
1283828
1283829
1283830
1283831
1283832
1283833
1283834
1283835
1283836
1283837
1283838
1283839
1283840
1283841
1283842
1283843
1283844
1283845
1283846
1283847
1283848
1283849
1283850
1283851
1283852
1283853
1283854
1283855
1283856
1283858
1283859
1283860
1283861
1283863
1283864
1283866
1283867
1283868
1283869
1283870
1283871
1283872
1283874
1283876
1283877
1283878
1283879
1283880
1283881
1283882
1283883
1283885
1283886
1283887
1283888
1283889
1283890
1283892
1283893
1283895
1283896
1283897
1283898
1283899
1283901
1283902
1283903
1283904
1283905
1283906
1283907
1283909
1283910
1283911
1283912
1283913
1283915
1283916
1283918
1283919
1283921
1283922
1283923
1283924
1283926
1283927
1283928
1283929
1283930
1283931
1283932
1283933
1283937
1283938
1283940
1283941
1283942
1283943
1283944
1283945
1283946
1283947
1283948
1283949
1283950
1283951
1283952
1283953
1283954
1283955
1283956
1283957
1283958
1283959
1283960
1283961
1283962
1283963
1283964
1283965
1283966
1283967
1283968
1283969
1283970
1283971
1283972
1283973
1283974
1283975
1283976
1283977
1283978
1283979
1283980
1283981
1283982
1283983
1283984
1283985
1283986
1283987
1283988
1283989
1283990
1283991
1283992
1283993
1283994
1283995
1283996
1283997
1283998
1283999
1284000
1284001
1284002
1284003
1284004
1284005
1284006
1284007
1284008
1284009
1284010
1284011
1284012
1284013
1284014
1284015
1284016
1284017
1284018
1284019
1284020
1284021
1284022
1284023
1284024
1284025
1284026
1284027
1284028
1284029
1284030
1284031
1284032
1284033
1284034
1284035
1284036
1284037
1284038
1284039
1284040
1284041
1284042
1284043
1284044
1284045
1284046
1284047
1284048
1284049
1284050
1284051
1284052
1284053
1284054
1284055
1284056
1284057
1284058
1284059
1284060
1284061
1284062
1284063
1284064
1284065
1284066
1284067
1284068
1284069
1284070
1284071
1284072
1284073
1284074
1284075
1284076
1284077
1284078
1284079
1284080
1284081
1284082
1284083
1284084
1284085
1284086
1284087
1284088
1284089
1284090
1284092
1284093
1284094
1284095
1284096
1284097
1284098
1284099
1284100
1284101
1284102
1284107
1284108
1284110
1284111
1284114
1284115
1284116
1284117
1284118
1284121
1284124
1284125
1284126
1284128
1284129
1284130
1284131
1284132
1284133
1284134
1284135
1284136
1284137
1284138
1284139
1284140
1284141
1284142
1284143
1284144
1284145
1284146
1284147
1284148
1284149
1284150
1284151
1284152
1284153
1284154
1284155
1284156
1284157
1284158
1284159
1284160
1284161
1284162
1284163
1284164
1284165
1284166
1284167
1284168
1284169
1284170
1284171
1284172
1284173
1284174
1284175
1284176
1284177
1284178
1284179
1284180
1284181
1284182
1284183
1284184
1284185
1284186
1284187
1284188
1284189
1284190
1284191
1284192
1284193
1284194
1284195
1284196
1284197
1284198
1284199
1284200
1284201
1284202
1284203
1284204
1284205
1284206
1284207
1284208
1284209
1284210
1284211
1284212
1284213
1284214
1284215
1284216
1284217
1284218
1284219
1284220
1284221
1284222
1284223
1284224
1284225
1284226
1284227
1284228
1284229
1284230
1284231
1284232
1284233
1284234
1284235
1284236
1284237
1284238
1284239
1284240
1284241
1284242
1284243
1284244
1284245
1284246
1284247
1284248
1284249
1284250
1284251
1284252
1284253
1284254
1284255
1284256
1284257
1284258
1284259
1284260
1284261
1284262
1284263
1284264
1284265
1284266
1284267
1284268
1284269
1284270
1284271
1284272
1284273
1284274
1284275
1284276
1284277
1284278
1284279
1284280
1284281
1284282
1284283
1284284
1284285
1284286
1284287
1284288
1284289
1284290
1284291
1284292
1284293
1284294
1284295
1284296
1284297
1284298
1284299
1284300
1284301
1284302
1284303
1284304
1284305
1284306
1284307
1284308
1284309
1284310
1284311
1284312
1284313
1284314
1284315
1284316
1284317
1284318
1284319
1284320
1284321
1284322
1284323
1284324
1284325
1284326
1284327
1284328
1284330
1284331
1284332
1284333
1284334
1284336
1284337
1284340
1284342
1284343
1284344
1284345
1284346
1284347
1284348
1284349
1284350
1284351
1284352
1284353
1284354
1284355
1284356
1284357
1284358
1284359
1284360
1284361
1284362
1284363
1284364
1284365
1284366
1284367
1284368
1284369
1284370
1284371
1284372
1284373
1284374
1284375
1284376
1284377
1284378
1284379
1284380
1284381
1284382
1284383
1284384
1284385
1284386
1284387
1284388
1284389
1284390
1284391
1284392
1284393
1284394
1284395
1284396
1284397
1284398
1284399
1284400
1284401
1284402
1284403
1284404
1284405
1284406
1284407
1284408
1284409
1284410
1284411
1284412
1284414
1284415
1284416
1284417
1284418
1284419
1284420
1284421
1284422
1284423
1284424
1284425
1284426
1284427
1284428
1284429
1284430
1284431
1284432
1284433
1284434
1284435
1284436
1284437
1284438
1284439
1284440
1284441
1284442
1284443
1284444
1284445
1284446
1284447
1284448
1284449
1284450
1284451
1284452
1284453
1284454
1284455
1284456
1284457
1284458
1284459
1284460
1284461
1284462
1284463
1284464
1284465
1284466
1284467
1284468
1284469
1284470
1284471
1284472
1284473
1284474
1284475
1284476
1284477
1284478
1284479
1284480
1284481
1284482
1284483
1284484
1284485
1284486
1284487
1284488
1284489
1284490
1284491
1284492
1284493
1284494
1284495
1284496
1284497
1284498
1284499
1284500
1284501
1284502
1284503
1284504
1284505
1284506
1284507
1284508
1284509
1284510
1284511
1284512
1284513
1284514
1284515
1284516
1284517
1284518
1284519
1284520
1284521
1284522
1284523
1284524
1284525
1284526
1284527
1284528
1284529
1284530
1284531
1284532
1284533
1284534
1284535
1284536
1284537
1284540
1284541
1284544
1284545
1284546
1284547
1284548
1284549
1284550
1284551
1284553
1284554
1284555
1284558
1284559
1284560
1284561
1284562
1284563
1284564
1284565
1284566
1284567
1284568
1284569
1284570
1284571
1284572
1284573
1284574
1284575
1284576
1284577
1284578
1284579
1284580
1284581
1284582
1284583
1284584
1284585
1284586
1284587
1284588
1284589
1284590
1284591
1284592
1284593
1284594
1284595
1284596
1284597
1284598
1284599
1284600
1284601
1284602
1284603
1284604
1284605
1284606
1284607
1284608
1284609
1284610
1284611
1284612
1284613
1284614
1284615
1284616
1284617
1284618
1284619
1284620
1284621
1284622
1284623
1284624
1284625
1284626
1284627
1284628
1284629
1284630
1284631
1284632
1284633
1284634
1284635
1284636
1284637
1284638
1284639
1284640
1284641
1284642
1284643
1284644
1284645
1284646
1284647
1284648
1284649
1284650
1284651
1284652
1284653
1284654
1284655
1284656
1284657
1284658
1284659
1284660
1284661
1284662
1284663
1284664
1284665
1284666
1284667
1284668
1284669
1284670
1284671
1284672
1284673
1284674
1284675
1284676
1284677
1284678
1284679
1284680
1284681
1284682
1284683
1284684
1284685
1284686
1284687
1284688
1284689
1284690
1284691
1284692
1284693
1284694
1284695
1284696
1284697
1284698
1284699
1284700
1284701
1284702
1284703
1284704
1284705
1284706
1284707
1284708
1284709
1284710
1284711
1284712
1284713
1284714
1284715
1284716
1284717
1284718
1284719
1284720
1284721
1284722
1284723
1284724
1284725
1284727
1284728
1284729
1284730
1284731
1284732
1284733
1284735
1284736
1284738
1284739
1284742
1284743
1284744
1284746
1284747
1284748
1284749
1284750
1284751
1284752
1284753
1284754
1284755
1284756
1284757
1284758
1284759
1284760
1284761
1284762
1284763
1284764
1284765
1284766
1284767
1284768
1284769
1284770
1284771
1284772
1284773
1284774
1284775
1284776
1284777
1284778
1284779
1284780
1284781
1284782
1284783
1284784
1284785
1284786
1284787
1284788
1284789
1284790
1284791
1284792
1284793
1284794
1284795
1284796
1284797
1284798
1284799
1284800
1284801
1284802
1284803
1284804
1284805
1284806
1284807
1284808
1284809
1284810
1284811
1284812
1284813
1284814
1284815
1284816
1284817
1284818
1284819
1284820
1284821
1284822
1284823
1284824
1284825
1284826
1284827
1284828
1284829
1284830
1284831
1284832
1284833
1284834
1284835
1284836
1284837
1284838
1284839
1284840
1284841
1284842
1284843
1284844
1284845
1284846
1284847
1284848
1284849
1284850
1284851
1284852
1284853
1284854
1284855
1284856
1284857
1284858
1284859
1284860
1284861
1284862
1284863
1284864
1284865
1284866
1284867
1284868
1284869
1284870
1284871
1284872
1284873
1284874
1284875
1284876
1284877
1284878
1284879
1284880
1284881
1284882
1284883
1284884
1284885
1284886
1284887
1284888
1284889
1284890
1284891
1284892
1284893
1284894
1284895
1284896
1284897
1284898
1284899
1284900
1284901
1284902
1284903
1284904
1284905
1284906
1284907
1284908
1284909
1284910
1284911
1284912
1284913
1284914
1284915
1284916
1284917
1284918
1284919
1284920
1284921
1284922
1284923
1284924
1284925
1284926
1284927
1284928
1284929
1284931
1284932
1284933
1284935
1284936
1284938
1284939
1284941
1284942
1284943
1284945
1284946
1284947
1284948
1284951
1284956
1284957
1284958
1284959
1284960
1284961
1284962
1284963
1284964
1284966
1284967
1284968
1284969
1284970
1284971
1284972
1284973
1284974
1284975
1284976
1284977
1284978
1284979
1284980
1284981
1284982
1284983
1284984
1284985
1284986
1284987
1284988
1284989
1284990
1284991
1284992
1284993
1284994
1284995
1284996
1284997
1284998
1284999
1285000
1285001
1285002
1285003
1285004
1285005
1285006
1285007
1285008
1285009
1285010
1285011
1285012
1285013
1285014
1285015
1285016
1285017
1285018
1285019
1285020
1285021
1285022
1285023
1285024
1285025
1285026
1285027
1285028
1285029
1285030
1285031
1285032
1285033
1285034
1285035
1285036
1285037
1285038
1285039
1285040
1285041
1285042
1285043
1285044
1285045
1285046
1285047
1285048
1285049
1285050
1285051
1285052
1285053
1285054
1285055
1285056
1285057
1285058
1285059
1285060
1285061
1285062
1285063
1285064
1285065
1285066
1285067
1285068
1285069
1285070
1285071
1285072
1285073
1285074
1285075
1285076
1285077
1285078
1285079
1285080
1285081
1285082
1285083
1285084
1285085
1285086
1285087
1285088
1285089
1285090
1285091
1285092
1285093
1285094
1285095
1285096
1285097
1285098
1285099
1285100
1285101
1285102
1285103
1285104
1285105
1285106
1285107
1285108
1285109
1285110
1285111
1285112
1285113
1285114
1285115
1285116
1285117
1285118
1285119
1285120
1285121
1285122
1285123
1285124
1285125
1285126
1285127
1285129
1285130
1285131
1285132
1285133
1285134
1285135
1285136
1285137
1285138
1285139
1285140
1285141
1285142
1285143
1285144
1285145
1285146
1285147
1285148
1285149
1285150
1285151
1285152
1285153
1285154
1285156
1285157
1285159
1285160
1285161
1285163
1285164
1285165
1285166
1285167
1285168
1285170
1285171
1285172
1285174
1285176
1285177
1285178
1285179
1285180
1285181
1285182
1285183
1285184
1285185
1285186
1285187
1285188
1285189
1285190
1285191
1285192
1285193
1285194
1285195
1285196
1285197
1285198
1285199
1285200
1285201
1285202
1285203
1285204
1285205
1285206
1285207
1285208
1285209
1285210
1285211
1285212
1285213
1285214
1285215
1285216
1285217
1285218
1285219
1285220
1285221
1285222
1285223
1285224
1285225
1285226
1285227
1285228
1285229
1285230
1285231
1285232
1285233
1285234
1285235
1285236
1285237
1285238
1285239
1285240
1285242
1285243
1285244
1285245
1285246
1285247
1285248
1285249
1285250
1285251
1285252
1285253
1285254
1285255
1285256
1285257
1285258
1285259
1285260
1285261
1285262
1285263
1285264
1285265
1285266
1285267
1285268
1285269
1285270
1285271
1285272
1285273
1285274
1285275
1285276
1285277
1285278
1285279
1285280
1285281
1285282
1285283
1285284
1285285
1285286
1285287
1285288
1285289
1285290
1285291
1285292
1285293
1285294
1285295
1285296
1285297
1285298
1285299
1285300
1285301
1285302
1285303
1285304
1285305
1285306
1285307
1285308
1285309
1285310
1285311
1285312
1285313
1285314
1285315
1285316
1285317
1285318
1285319
1285320
1285321
1285322
1285323
1285324
1285325
1285326
1285327
1285328
1285329
1285330
1285331
1285332
1285333
1285334
1285335
1285336
1285337
1285338
1285339
1285340
1285341
1285342
1285343
1285344
1285345
1285346
1285347
1285348
1285349
1285350
1285351
1285352
1285353
1285354
1285355
1285356
1285357
1285358
1285359
1285360
1285361
1285362
1285363
1285364
1285365
1285366
1285367
1285368
1285369
1285370
1285371
1285372
1285373
1285374
1285375
1285376
1285377
1285378
1285379
1285380
1285381
1285382
1285383
1285384
1285387
1285388
1285389
1285390
1285392
1285393
1285395
1285396
1285397
1285398
1285399
1285400
1285401
1285402
1285404
1285405
1285408
1285409
1285411
1285412
1285413
1285415
1285416
1285417
1285418
1285419
1285420
1285421
1285422
1285423
1285424
1285425
1285426
1285427
1285428
1285429
1285430
1285431
1285432
1285433
1285434
1285435
1285436
1285437
1285438
1285439
1285440
1285441
1285442
1285443
1285444
1285445
1285446
1285447
1285448
1285449
1285450
1285451
1285452
1285453
1285454
1285455
1285456
1285457
1285458
1285459
1285460
1285461
1285462
1285463
1285464
1285465
1285466
1285467
1285468
1285469
1285470
1285471
1285472
1285473
1285474
1285475
1285476
1285477
1285478
1285479
1285480
1285481
1285482
1285483
1285484
1285485
1285486
1285487
1285488
1285489
1285490
1285491
1285492
1285493
1285494
1285495
1285496
1285497
1285498
1285499
1285500
1285501
1285502
1285503
1285504
1285505
1285506
1285507
1285508
1285509
1285510
1285511
1285512
1285513
1285514
1285515
1285516
1285517
1285518
1285519
1285520
1285521
1285522
1285523
1285524
1285525
1285526
1285527
1285528
1285529
1285530
1285531
1285532
1285533
1285534
1285535
1285536
1285537
1285538
1285539
1285540
1285541
1285542
1285543
1285544
1285545
1285546
1285547
1285548
1285549
1285550
1285551
1285552
1285553
1285554
1285555
1285556
1285557
1285558
1285559
1285560
1285561
1285562
1285563
1285564
1285565
1285566
1285567
1285568
1285569
1285570
1285571
1285572
1285573
1285574
1285575
1285576
1285577
1285579
1285580
1285581
1285582
1285583
1285584
1285585
1285586
1285587
1285588
1285589
1285590
1285591
1285592
1285593
1285596
1285598
1285599
1285601
1285602
1285604
1285605
1285606
1285608
1285609
1285610
1285611
1285612
1285614
1285615
1285616
1285617
1285619
1285620
1285621
1285622
1285623
1285624
1285625
1285626
1285627
1285628
1285629
1285630
1285632
1285633
1285634
1285635
1285636
1285637
1285638
1285639
1285640
1285641
1285642
1285643
1285644
1285645
1285647
1285648
1285649
1285650
1285651
1285652
1285653
1285654
1285655
1285656
1285657
1285658
1285659
1285660
1285661
1285662
1285663
1285664
1285665
1285666
1285667
1285668
1285669
1285670
1285671
1285672
1285673
1285674
1285675
1285676
1285677
1285678
1285679
1285680
1285681
1285682
1285683
1285684
1285685
1285686
1285687
1285688
1285689
1285690
1285691
1285692
1285693
1285694
1285695
1285696
1285697
1285698
1285699
1285700
1285701
1285702
1285703
1285704
1285705
1285706
1285707
1285708
1285709
1285710
1285711
1285712
1285714
1285715
1285716
1285717
1285718
1285719
1285720
1285721
1285722
1285723
1285724
1285725
1285726
1285727
1285728
1285729
1285730
1285731
1285732
1285733
1285734
1285735
1285736
1285737
1285738
1285739
1285740
1285741
1285742
1285743
1285744
1285745
1285746
1285747
1285748
1285749
1285750
1285751
1285752
1285753
1285754
1285755
1285756
1285757
1285758
1285759
1285760
1285761
1285762
1285763
1285764
1285765
1285766
1285767
1285768
1285769
1285770
1285771
1285772
1285773
1285774
1285775
1285776
1285777
1285778
1285779
1285780
1285781
1285782
1285783
1285784
1285785
1285786
1285787
1285788
1285789
1285790
1285791
1285792
1285793
1285794
1285795
1285796
1285797
1285798
1285799
1285800
1285801
1285802
1285803
1285804
1285805
1285806
1285807
1285808
1285809
1285810
1285811
1285812
1285813
1285814
1285815
1285816
1285817
1285818
1285819
1285820
1285822
1285823
1285825
1285826
1285828
1285829
1285831
1285833
1285834
1285835
1285836
1285837
1285838
1285839
1285840
1285841
1285842
1285843
1285844
1285845
1285846
1285847
1285848
1285849
1285850
1285851
1285852
1285853
1285854
1285855
1285856
1285857
1285858
1285859
1285860
1285861
1285862
1285863
1285864
1285865
1285866
1285867
1285868
1285869
1285870
1285871
1285872
1285873
1285874
1285875
1285876
1285877
1285878
1285879
1285880
1285881
1285882
1285883
1285884
1285885
1285886
1285887
1285888
1285889
1285890
1285891
1285892
1285893
1285894
1285895
1285896
1285897
1285898
1285899
1285900
1285901
1285902
1285903
1285904
1285905
1285906
1285907
1285908
1285909
1285910
1285911
1285912
1285913
1285914
1285915
1285916
1285917
1285918
1285919
1285920
1285922
1285923
1285924
1285925
1285926
1285927
1285928
1285929
1285930
1285931
1285932
1285933
1285934
1285935
1285936
1285937
1285938
1285939
1285940
1285941
1285942
1285943
1285944
1285945
1285946
1285947
1285948
1285949
1285950
1285951
1285952
1285953
1285954
1285955
1285956
1285957
1285958
1285959
1285960
1285961
1285963
1285964
1285965
1285966
1285967
1285968
1285969
1285970
1285971
1285972
1285973
1285974
1285975
1285976
1285977
1285978
1285979
1285980
1285981
1285982
1285983
1285984
1285985
1285986
1285987
1285988
1285989
1285990
1285991
1285992
1285993
1285994
1285995
1285996
1285997
1286000
1286001
1286002
1286003
1286004
1286005
1286006
1286007
1286008
1286009
1286011
1286012
1286013
1286014
1286015
1286017
1286018
1286019
1286020
1286021
1286022
1286024
1286025
1286026
1286027
1286028
1286029
1286031
1286032
1286033
1286034
1286035
1286036
1286037
1286038
1286039
1286040
1286041
1286042
1286043
1286044
1286045
1286046
1286047
1286048
1286049
1286050
1286051
1286052
1286053
1286054
1286055
1286056
1286057
1286058
1286059
1286060
1286061
1286062
1286063
1286064
1286065
1286066
1286067
1286068
1286069
1286070
1286071
1286072
1286073
1286074
1286075
1286076
1286077
1286078
1286079
1286080
1286081
1286082
1286083
1286084
1286085
1286086
1286087
1286088
1286089
1286090
1286091
1286092
1286093
1286094
1286095
1286096
1286097
1286098
1286099
1286100
1286101
1286102
1286103
1286104
1286105
1286106
1286107
1286108
1286109
1286110
1286111
1286112
1286113
1286114
1286115
1286116
1286117
1286118
1286119
1286120
1286121
1286122
1286123
1286124
1286125
1286126
1286127
1286128
1286129
1286130
1286131
1286132
1286133
1286134
1286135
1286136
1286137
1286138
1286139
1286140
1286141
1286142
1286143
1286144
1286145
1286146
1286147
1286148
1286149
1286150
1286151
1286152
1286153
1286154
1286155
1286156
1286157
1286158
1286159
1286160
1286161
1286162
1286163
1286164
1286165
1286166
1286167
1286168
1286169
1286170
1286171
1286172
1286173
1286174
1286175
1286176
1286177
1286178
1286179
1286180
1286181
1286182
1286183
1286184
1286185
1286186
1286187
1286188
1286189
1286190
1286191
1286192
1286193
1286194
1286196
1286197
1286198
1286199
1286201
1286202
1286204
1286205
1286206
1286207
1286209
1286210
1286211
1286212
1286214
1286215
1286216
1286217
1286218
1286219
1286221
1286222
1286223
1286224
1286225
1286226
1286227
1286230
1286231
1286232
1286233
1286234
1286235
1286236
1286237
1286238
1286239
1286240
1286241
1286242
1286243
1286244
1286245
1286246
1286247
1286248
1286249
1286250
1286251
1286252
1286253
1286254
1286255
1286256
1286257
1286258
1286259
1286260
1286261
1286262
1286263
1286264
1286265
1286266
1286267
1286268
1286269
1286270
1286271
1286272
1286273
1286274
1286275
1286276
1286277
1286278
1286279
1286280
1286281
1286282
1286283
1286284
1286285
1286286
1286287
1286288
1286289
1286290
1286291
1286292
1286293
1286294
1286295
1286296
1286297
1286298
1286299
1286300
1286301
1286302
1286303
1286304
1286305
1286306
1286307
1286308
1286309
1286310
1286311
1286312
1286313
1286314
1286315
1286316
1286317
1286318
1286319
1286320
1286321
1286322
1286323
1286324
1286325
1286326
1286327
1286328
1286329
1286330
1286331
1286332
1286333
1286334
1286335
1286336
1286337
1286338
1286339
1286340
1286341
1286342
1286343
1286344
1286345
1286346
1286347
1286348
1286349
1286350
1286351
1286352
1286353
1286354
1286355
1286356
1286357
1286358
1286359
1286360
1286361
1286362
1286363
1286364
1286365
1286366
1286367
1286368
1286369
1286370
1286371
1286372
1286373
1286374
1286375
1286376
1286377
1286378
1286379
1286380
1286381
1286382
1286383
1286384
1286385
1286386
1286387
1286388
1286389
1286390
1286391
1286392
1286393
1286394
1286395
1286396
1286397
1286398
1286399
1286400
1286401
1286402
1286403
1286404
1286405
1286406
1286407
1286408
1286409
1286410
1286411
1286413
1286414
1286417
1286419
1286421
1286422
1286423
1286424
1286425
1286426
1286429
1286433
1286434
1286436
1286437
1286439
1286440
1286441
1286442
1286443
1286444
1286446
1286447
1286448
1286449
1286450
1286451
1286452
1286453
1286454
1286455
1286456
1286457
1286458
1286459
1286460
1286463
1286465
1286467
1286468
1286469
1286470
1286471
1286472
1286473
1286474
1286475
1286476
1286477
1286478
1286479
1286480
1286481
1286482
1286483
1286484
1286485
1286486
1286487
1286488
1286489
1286490
1286491
1286492
1286493
1286494
1286495
1286496
1286497
1286498
1286499
1286500
1286501
1286502
1286503
1286504
1286505
1286506
1286507
1286508
1286509
1286510
1286511
1286512
1286513
1286514
1286515
1286516
1286517
1286518
1286519
1286520
1286521
1286522
1286523
1286524
1286525
1286526
1286527
1286528
1286529
1286530
1286531
1286532
1286533
1286534
1286535
1286536
1286537
1286538
1286539
1286540
1286541
1286542
1286543
1286544
1286545
1286546
1286547
1286548
1286550
1286551
1286552
1286553
1286554
1286555
1286556
1286557
1286558
1286559
1286560
1286561
1286562
1286563
1286564
1286565
1286566
1286567
1286568
1286569
1286570
1286571
1286572
1286573
1286574
1286575
1286576
1286577
1286578
1286579
1286580
1286581
1286582
1286583
1286584
1286585
1286586
1286587
1286588
1286589
1286590
1286591
1286592
1286593
1286594
1286595
1286596
1286597
1286598
1286599
1286600
1286601
1286602
1286603
1286604
1286605
1286606
1286607
1286608
1286609
1286610
1286611
1286612
1286613
1286614
1286615
1286616
1286617
1286618
1286619
1286620
1286621
1286622
1286623
1286624
1286625
1286626
1286627
1286628
1286629
1286630
1286631
1286632
1286633
1286634
1286635
1286636
1286637
1286638
1286639
1286640
1286641
1286642
1286643
1286644
1286645
1286646
1286647
1286648
1286649
1286653
1286654
1286656
1286657
1286658
1286659
1286661
1286662
1286664
1286665
1286666
1286668
1286669
1286670
1286671
1286673
1286674
1286675
1286676
1286677
1286678
1286680
1286681
1286682
1286683
1286684
1286685
1286686
1286688
1286689
1286690
1286691
1286692
1286693
1286694
1286695
1286696
1286697
1286698
1286699
1286700
1286702
1286703
1286704
1286705
1286706
1286707
1286708
1286709
1286710
1286711
1286712
1286713
1286714
1286715
1286716
1286717
1286718
1286719
1286720
1286721
1286722
1286723
1286724
1286725
1286726
1286727
1286728
1286729
1286730
1286731
1286732
1286733
1286734
1286735
1286736
1286737
1286738
1286739
1286740
1286741
1286742
1286743
1286744
1286745
1286746
1286747
1286748
1286749
1286750
1286751
1286752
1286753
1286754
1286755
1286756
1286757
1286758
1286759
1286760
1286761
1286762
1286763
1286764
1286765
1286766
1286767
1286768
1286769
1286770
1286771
1286772
1286773
1286774
1286775
1286776
1286777
1286778
1286779
1286780
1286781
1286782
1286783
1286784
1286785
1286786
1286787
1286788
1286789
1286790
1286791
1286792
1286793
1286794
1286795
1286796
1286797
1286798
1286799
1286800
1286801
1286802
1286803
1286804
1286805
1286806
1286807
1286808
1286809
1286810
1286811
1286812
1286813
1286814
1286815
1286816
1286817
1286818
1286819
1286820
1286821
1286822
1286823
1286824
1286825
1286826
1286827
1286828
1286829
1286830
1286831
1286832
1286833
1286834
1286835
1286836
1286837
1286838
1286839
1286840
1286841
1286842
1286843
1286844
1286845
1286846
1286847
1286848
1286849
1286850
1286851
1286852
1286853
1286854
1286855
1286856
1286857
1286858
1286859
1286860
1286861
1286862
1286863
1286864
1286865
1286866
1286867
1286868
1286869
1286870
1286871
1286872
1286873
1286874
1286875
1286877
1286879
1286880
1286881
1286883
1286884
1286885
1286888
1286890
1286891
1286892
1286893
1286894
1286895
1286896
1286897
1286898
1286899
1286900
1286902
1286903
1286904
1286905
1286907
1286908
1286909
1286910
1286912
1286914
1286915
1286916
1286917
1286918
1286919
1286920
1286921
1286922
1286923
1286924
1286925
1286926
1286927
1286928
1286929
1286930
1286931
1286932
1286933
1286934
1286935
1286936
1286937
1286938
1286939
1286940
1286941
1286942
1286943
1286944
1286945
1286946
1286947
1286948
1286949
1286950
1286951
1286952
1286953
1286954
1286955
1286956
1286957
1286958
1286959
1286960
1286961
1286962
1286963
1286964
1286965
1286966
1286967
1286968
1286969
1286970
1286971
1286972
1286973
1286974
1286975
1286976
1286977
1286978
1286979
1286980
1286981
1286982
1286983
1286984
1286985
1286986
1286987
1286988
1286989
1286990
1286991
1286992
1286993
1286994
1286995
1286996
1286997
1286998
1286999
1287000
1287001
1287002
1287003
1287004
1287005
1287006
1287007
1287008
1287009
1287010
1287011
1287012
1287013
1287014
1287015
1287016
1287017
1287018
1287019
1287020
1287021
1287022
1287023
1287024
1287025
1287026
1287027
1287028
1287029
1287030
1287031
1287032
1287033
1287034
1287035
1287036
1287037
1287038
1287039
1287040
1287041
1287043
1287044
1287045
1287046
1287047
1287048
1287049
1287050
1287051
1287052
1287053
1287054
1287055
1287056
1287057
1287058
1287059
1287060
1287061
1287062
1287063
1287064
1287065
1287066
1287067
1287068
1287069
1287070
1287071
1287072
1287073
1287074
1287075
1287076
1287077
1287079
1287080
1287081
1287082
1287083
1287084
1287086
1287087
1287090
1287092
1287093
1287094
1287096
1287097
1287098
1287099
1287100
1287101
1287102
1287103
1287104
1287105
1287106
1287107
1287109
1287110
1287111
1287112
1287113
1287116
1287117
1287118
1287119
1287120
1287121
1287122
1287123
1287124
1287125
1287126
1287127
1287128
1287129
1287130
1287131
1287132
1287133
1287134
1287135
1287136
1287137
1287138
1287139
1287140
1287141
1287142
1287143
1287144
1287145
1287146
1287147
1287148
1287149
1287150
1287151
1287152
1287153
1287154
1287155
1287156
1287157
1287158
1287159
1287160
1287161
1287162
1287163
1287164
1287165
1287166
1287167
1287168
1287169
1287170
1287171
1287172
1287173
1287174
1287175
1287176
1287177
1287178
1287179
1287180
1287181
1287182
1287183
1287184
1287185
1287186
1287187
1287188
1287189
1287190
1287191
1287192
1287193
1287194
1287195
1287196
1287197
1287198
1287199
1287200
1287201
1287202
1287203
1287204
1287205
1287206
1287207
1287208
1287209
1287210
1287211
1287212
1287213
1287214
1287215
1287216
1287217
1287218
1287219
1287220
1287221
1287222
1287223
1287224
1287225
1287226
1287227
1287228
1287229
1287230
1287231
1287232
1287233
1287234
1287235
1287236
1287237
1287238
1287239
1287240
1287241
1287242
1287243
1287244
1287245
1287246
1287247
1287248
1287249
1287250
1287251
1287252
1287253
1287254
1287255
1287256
1287257
1287258
1287259
1287260
1287261
1287262
1287263
1287264
1287265
1287266
1287267
1287268
1287269
1287270
1287271
1287272
1287273
1287274
1287275
1287276
1287277
1287278
1287279
1287280
1287281
1287282
1287283
1287284
1287285
1287286
1287287
1287288
1287289
1287291
1287292
1287293
1287294
1287295
1287296
1287297
1287298
1287299
1287300
1287301
1287302
1287303
1287304
1287305
1287306
1287307
1287308
1287309
1287310
1287311
1287313
1287314
1287315
1287317
1287318
1287320
1287322
1287323
1287324
1287325
1287326
1287328
1287329
1287330
1287331
1287332
1287333
1287334
1287335
1287336
1287337
1287338
1287339
1287340
1287341
1287342
1287343
1287344
1287345
1287346
1287347
1287348
1287349
1287350
1287351
1287352
1287353
1287354
1287355
1287356
1287357
1287358
1287359
1287360
1287361
1287362
1287363
1287364
1287365
1287366
1287367
1287368
1287369
1287370
1287371
1287372
1287373
1287374
1287375
1287376
1287377
1287378
1287379
1287380
1287381
1287382
1287383
1287384
1287385
1287386
1287387
1287388
1287389
1287390
1287391
1287392
1287393
1287394
1287395
1287396
1287397
1287398
1287399
1287400
1287401
1287402
1287403
1287404
1287405
1287406
1287407
1287408
1287409
1287410
1287411
1287412
1287413
1287414
1287415
1287416
1287417
1287418
1287419
1287420
1287421
1287422
1287423
1287424
1287425
1287426
1287427
1287428
1287429
1287430
1287431
1287432
1287433
1287434
1287435
1287436
1287437
1287438
1287439
1287440
1287441
1287442
1287443
1287444
1287445
1287446
1287447
1287448
1287449
1287450
1287451
1287452
1287453
1287454
1287455
1287456
1287457
1287458
1287459
1287460
1287461
1287462
1287463
1287464
1287465
1287466
1287467
1287468
1287469
1287470
1287471
1287472
1287473
1287474
1287475
1287476
1287477
1287478
1287479
1287480
1287481
1287482
1287483
1287484
1287485
1287486
1287487
1287488
1287489
1287490
1287491
1287492
1287493
1287494
1287495
1287496
1287497
1287498
1287499
1287500
1287501
1287502
1287503
1287504
1287505
1287506
1287507
1287508
1287509
1287510
1287511
1287512
1287513
1287514
1287515
1287516
1287517
1287518
1287519
1287520
1287521
1287522
1287523
1287524
1287525
1287526
1287527
1287528
1287529
1287530
1287531
1287532
1287533
1287534
1287535
1287536
1287540
1287541
1287542
1287544
1287545
1287546
1287547
1287548
1287549
1287550
1287551
1287552
1287553
1287554
1287555
1287556
1287557
1287558
1287559
1287560
1287561
1287562
1287563
1287564
1287565
1287566
1287567
1287568
1287569
1287570
1287571
1287572
1287573
1287574
1287575
1287576
1287577
1287578
1287579
1287580
1287581
1287582
1287583
1287584
1287585
1287586
1287587
1287588
1287589
1287590
1287591
1287592
1287593
1287594
1287595
1287596
1287597
1287598
1287599
1287600
1287601
1287602
1287603
1287604
1287605
1287606
1287607
1287608
1287609
1287610
1287611
1287612
1287613
1287614
1287615
1287616
1287617
1287618
1287619
1287620
1287621
1287622
1287623
1287624
1287625
1287626
1287627
1287628
1287629
1287630
1287631
1287632
1287633
1287634
1287635
1287636
1287637
1287638
1287639
1287640
1287641
1287642
1287643
1287644
1287645
1287646
1287647
1287648
1287649
1287650
1287651
1287652
1287653
1287654
1287655
1287656
1287657
1287658
1287659
1287660
1287661
1287662
1287663
1287664
1287665
1287666
1287667
1287668
1287669
1287670
1287671
1287672
1287673
1287674
1287675
1287676
1287677
1287678
1287679
1287680
1287681
1287682
1287683
1287684
1287685
1287686
1287687
1287688
1287689
1287690
1287691
1287692
1287693
1287694
1287695
1287696
1287697
1287698
1287699
1287700
1287701
1287702
1287703
1287704
1287705
1287706
1287707
1287708
1287709
1287710
1287711
1287712
1287713
1287714
1287715
1287716
1287717
1287718
1287719
1287720
1287721
1287722
1287724
1287726
1287729
1287730
1287731
1287733
1287734
1287735
1287736
1287737
1287739
1287740
1287741
1287743
1287744
1287745
1287747
1287749
1287750
1287751
1287753
1287754
1287755
1287756
1287757
1287758
1287759
1287760
1287761
1287762
1287763
1287764
1287766
1287767
1287768
1287769
1287771
1287772
1287773
1287774
1287775
1287776
1287777
1287778
1287779
1287780
1287781
1287782
1287783
1287784
1287785
1287786
1287787
1287788
1287789
1287790
1287791
1287792
1287793
1287794
1287795
1287796
1287797